100101011
111100000
001100000
001100000
000100001
101101111
100001001
100101011
000000101
000001110
100101001
111000011
000100001
111000100
011000001
101110000
100101011
111000011
000100001
111000100
011000001
101110001
111011111
001100000
001100000
000100101
000100110
010100101
010000000
010000101
010100110
010000000
010000110
010100101
101010010
010100110
101010011
101010110
010101101
111000001
110001110
111000000
000100010
000100011
000100100
000100101
100010000
000000011
100001000
000000010
100010001
000000101
100001010
000000100
000010100
000011101
010101100
101101100
010101101
101101101
111000000
000100011
111000101
110000011
111000011
110101110
100110010
101110110
010110110
001010101
100101010
100010001
010110000
111000001
000000101
111000000
010000000
010010010
010001001
111000000
000100011
111000010
110011101
101110100
010100010
101010101
111000000
000100110
000100111
100010000
000000110
100001000
000000111
000001111
000010110
010101111
101101100
010101110
101101101
111000000
000100011
111000101
110000011
100110011
101110110
010110101
001010110
100101000
100010000
010110000
111000001
000000110
111000000
010000000
010010010
010001001
111000000
000100011
111000100
110011110
101110100
010100010
101010101
111000000
000100101
000100111
100010001
000000101
100001010
000000111
000001111
000010101
010101111
101101100
010101101
101101101
111000000
000100011
111000101
110000011
100101101
111001000
000100001
111000000
000100011
111000111
110001011
100001111
100110110
001101001
001101001
011000001
111000000
000100011
100001101
000000011
111000011
000100011
011011001
101101101
111000000
000100011
111001000
110000011
100101101
100001100
010001001
010000000
101001100
101101101
100110110
111000001
000000001
101110110
111000000
000100011
111000110
110000011
