100000100
100100101
000000110
000001101
000000010
111000001
110010011
110001011
100000100
101000110
100100101
101100111
111001011
110000100
111100000
001100000
001100000
000100001
101101001
111000000
000100111
111011111
001100000
001100000
100100101
000100001
010001001
010001001
111010001
001001000
000000111
010101101
010110110
111000011
000100001
111000100
011000001
111000000
000100011
111000101
110011111
111000000
000100011
000100100
111100000
001100000
001100000
000000011
100001001
000000100
111000100
110011100
011101001
011110010
111000000
000100011
111000001
000000010
000011001
111000000
000000000
101100111
010100010
101000110
111000000
000100011
111001011
110000011
111000101
000000011
111001000
110111111
111000000
000100011
111001010
011100000
000000011
111000001
000000011
111000000
000100100
000011100
010111111
111001000
110111100
111000000
000100011
111000111
110111111
111000001
000000111
111000000
000100011
111000000
001100000
010001001
010010010
111000000
000100011
111000110
110011111
111000011
110000011
111000001
001000111
111000000
000100011
111000000
001100000
001110010
001101001
111000000
000100011
111000111
110011111
111000011
110000011
100101001
111000000
000100011
111100000
001100000
001100000
000000011
111001010
110001011
100100101
111000000
000100011
111100000
001100000
001100000
000000011
111001001
110011001
111000000
101000110
101000111
111000000
000100011
111001011
110000011
111000000
000100001
000100011
101000110
111100000
001100000
001100000
000000001
101100111
111001011
110000011
111000000
000100001
111111111
000000001
000000001
111000001
000000001
101100111
000001001
000000001
101100110
