100000000
100100001
000000110
000001101
000000010
111000001
110010011
111000001
110001011
100000000
101000010
100100001
101100011
111001001
110000100
010110110
010101101
111000000
000100011
111000010
110010011
111000000
000000000
111000001
000000001
111000000
000100011
000100100
000000000
111000010
110001011
111101111
001100000
001100000
101000011
101100010
111001001
110000001
010110110
010101101
111000000
000100011
000100100
111000011
110011010
111000001
000000011
111000011
110001011
111111100
101000011
111000000
101000010
111001001
110000100
111100000
001100000
001100000
000100101
010100101
101000011
111000000
000100011
111100000
001100000
001100000
000000011
100100001
111000100
110011101
011101001
011101110
111000000
000100011
111000001
000000110
000011001
111000000
000000000
101100101
010100110
101000110
010110110
111000000
000100011
111000100
000000011
111111111
001100000
001100000
000100001
111000110
110001011
111000000
001100000
010100010
101000010
111010001
010111111
000000011
001111011
001111011
100100101
111000011
000100001
011001011
100000011
011011000
101000011
111000000
000100100
111001001
110000100
111000000
000100100
111000100
000000100
100100101
010110110
111001000
110101100
111000001
000000111
111000000
000100011
111000000
001100000
010001001
010010010
111111111
001100000
001100000
000101000
000000011
111000111
110011100
101100101
111000000
000100011
111000101
110011100
111000001
000000111
111000000
000100011
111000000
001100000
001110010
001101001
111111111
001100000
001100000
000101000
000000011
111001000
110011100
101100101
011100111
111000001
000000111
111000000
000100011
111000101
110011100
